image_width: 800
image_height: 600
camera_name: webcam
camera_matrix:
  rows: 3
  cols: 3
  data: [782.834096, 0.000000, 415.967175, 0.000000, 783.217076, 320.346941, 0.000000, 0.000000, 1.000000]
distortion_model: plumb_bob
distortion_coefficients:
  rows: 1
  cols: 5
  data: [0.115288, -0.467219, 0.007459, 0.004567, 0.000000]
rectification_matrix:
  rows: 3
  cols: 3
  data: [1.000000, 0.000000, 0.000000, 0.000000, 1.000000, 0.000000, 0.000000, 0.000000, 1.000000]
projection_matrix:
  rows: 3
  cols: 4
  data: [779.626160, 0.000000, 419.702531, 0.000000, 0.000000, 786.832458, 322.721226, 0.000000, 0.000000, 0.000000, 1.000000, 0.000000]
