# oST version 5.0 parameters


[image]

width
1280

height
720

[narrow_stereo]

camera matrix
1279.842069 0.000000 670.779080
0.000000 959.849581 288.864871
0.000000 0.000000 1.000000

distortion
0.129589 0.012025 -0.019316 0.006001 0.000000

rectification
1.000000 0.000000 0.000000
0.000000 1.000000 0.000000
0.000000 0.000000 1.000000

projection
1343.893311 0.000000 674.014656 0.000000
0.000000 1000.166687 280.514231 0.000000
0.000000 0.000000 1.000000 0.000000
