image_width: 1280
image_height: 720
camera_name: narrow_stereo
camera_matrix:
  rows: 3
  cols: 3
  data: [1279.84207,    0.     ,  670.77908,
            0.     ,  959.84958,  288.86487,
            0.     ,    0.     ,    1.     ]
distortion_model: plumb_bob
distortion_coefficients:
  rows: 1
  cols: 5
  data: [0.129589, 0.012025, -0.019316, 0.006001, 0.000000]
rectification_matrix:
  rows: 3
  cols: 3
  data: [1., 0., 0.,
         0., 1., 0.,
         0., 0., 1.]
projection_matrix:
  rows: 3
  cols: 4
  data: [1343.89331,    0.     ,  674.01466,    0.     ,
            0.     , 1000.16669,  280.51423,    0.     ,
            0.     ,    0.     ,    1.     ,    0.     ]
